major minor  #blocks  name

   7        0      65480 loop0
   7        1      65480 loop1
   7        2      89108 loop2
   7        3      89120 loop3
   7        4      39664 loop4
   7        5      39760 loop5
   8       16   52428800 sdb
   8        0   52428800 sda
   8        1   52315119 sda1
   8       14       4096 sda14
   8       15     108544 sda15
 252        0  262144000 nullb0
 259        0   31457280 pmem0
   1        0   22020096 ram0
   1        1    1024000 ram0p1
   1        2   10485760 ram0p2
   1        3   10485760 ram0p3
 251        0   10485760 cbd0
 251       16   10485760 cbd1
 251       32   52428800 cbd2
